[2.4816960e-03 9.9999106e-01 1.6146770e-03 9.9984682e-01 2.4816960e-03
 2.4816960e-03 9.9729401e-01 9.9519205e-01 9.9729401e-01 9.9866855e-01
 8.8518280e-01 2.2973784e-03 1.2252797e-04 2.0906456e-05 9.9866855e-01
 9.9937952e-01 2.4816960e-03 2.4816960e-03 8.8581332e-04 9.9999106e-01
 2.9266386e-03 1.0245908e-02 9.9936932e-01 9.9519205e-01 9.9975055e-01
 9.9729401e-01 9.9975055e-01 7.5656390e-05 2.4816960e-03 9.9519205e-01
 9.9896359e-01 8.2386014e-06 9.9992466e-01 8.3392328e-01 9.5697945e-01
 9.9958760e-01 9.9729401e-01 9.9729401e-01 9.7726166e-01 9.9872833e-01
 9.9909139e-01 9.9767131e-01 4.4103479e-03 9.9376136e-01 9.9729401e-01
 2.4816960e-03 9.9975055e-01 4.4103479e-03 2.4816960e-03 9.9616098e-01
 9.9760997e-01 1.7150382e-03 9.9992025e-01 2.4816960e-03 2.4816960e-03
 9.3423761e-03 9.8894531e-01 3.4591504e-03 9.9616098e-01 9.9999106e-01
 9.9866855e-01 4.7951534e-01 9.1695879e-03 1.5038571e-03 2.4816960e-03
 1.7027402e-03 9.9998927e-01 8.8581332e-04 9.9729401e-01 2.4816960e-03
 2.9578645e-04 4.4103479e-03 9.2057073e-01 9.9760997e-01 2.8815891e-03
 3.4591504e-03 2.4816960e-03 9.9519205e-01 9.9882632e-01 2.4816960e-03
 9.9791211e-01 8.2386014e-06 9.7899777e-01 2.7205881e-03 9.9812251e-01
 6.1427541e-03 9.9975055e-01 2.4816960e-03 1.5038571e-03]