[[9.9751830e-01 2.4816960e-03]
 [8.9406967e-06 9.9999106e-01]
 [9.9838531e-01 1.6146770e-03]
 [1.5318394e-04 9.9984682e-01]
 [9.9751830e-01 2.4816960e-03]
 [9.9751830e-01 2.4816960e-03]
 [2.7059913e-03 9.9729401e-01]
 [4.8079491e-03 9.9519205e-01]
 [2.7059913e-03 9.9729401e-01]
 [1.3314486e-03 9.9866855e-01]
 [1.1481720e-01 8.8518280e-01]
 [9.9770260e-01 2.2973784e-03]
 [9.9987745e-01 1.2252797e-04]
 [9.9997908e-01 2.0906456e-05]
 [1.3314486e-03 9.9866855e-01]
 [6.2048435e-04 9.9937952e-01]
 [9.9751830e-01 2.4816960e-03]
 [9.9751830e-01 2.4816960e-03]
 [9.9911422e-01 8.8581332e-04]
 [8.9406967e-06 9.9999106e-01]
 [9.9707335e-01 2.9266386e-03]
 [9.8975408e-01 1.0245908e-02]
 [6.3067675e-04 9.9936932e-01]
 [4.8079491e-03 9.9519205e-01]
 [2.4944544e-04 9.9975055e-01]
 [2.7059913e-03 9.9729401e-01]
 [2.4944544e-04 9.9975055e-01]
 [9.9992436e-01 7.5656390e-05]
 [9.9751830e-01 2.4816960e-03]
 [4.8079491e-03 9.9519205e-01]
 [1.0364056e-03 9.9896359e-01]
 [9.9999177e-01 8.2386014e-06]
 [7.5340271e-05 9.9992466e-01]
 [1.6607672e-01 8.3392328e-01]
 [4.3020546e-02 9.5697945e-01]
 [4.1240454e-04 9.9958760e-01]
 [2.7059913e-03 9.9729401e-01]
 [2.7059913e-03 9.9729401e-01]
 [2.2738338e-02 9.7726166e-01]
 [1.2716651e-03 9.9872833e-01]
 [9.0861320e-04 9.9909139e-01]
 [2.3286939e-03 9.9767131e-01]
 [9.9558967e-01 4.4103479e-03]
 [6.2386394e-03 9.9376136e-01]
 [2.7059913e-03 9.9729401e-01]
 [9.9751830e-01 2.4816960e-03]
 [2.4944544e-04 9.9975055e-01]
 [9.9558967e-01 4.4103479e-03]
 [9.9751830e-01 2.4816960e-03]
 [3.8390160e-03 9.9616098e-01]
 [2.3900270e-03 9.9760997e-01]
 [9.9828494e-01 1.7150382e-03]
 [7.9751015e-05 9.9992025e-01]
 [9.9751830e-01 2.4816960e-03]
 [9.9751830e-01 2.4816960e-03]
 [9.9065763e-01 9.3423761e-03]
 [1.1054695e-02 9.8894531e-01]
 [9.9654084e-01 3.4591504e-03]
 [3.8390160e-03 9.9616098e-01]
 [8.9406967e-06 9.9999106e-01]
 [1.3314486e-03 9.9866855e-01]
 [5.2048469e-01 4.7951534e-01]
 [9.9083042e-01 9.1695879e-03]
 [9.9849612e-01 1.5038571e-03]
 [9.9751830e-01 2.4816960e-03]
 [9.9829727e-01 1.7027402e-03]
 [1.0728836e-05 9.9998927e-01]
 [9.9911422e-01 8.8581332e-04]
 [2.7059913e-03 9.9729401e-01]
 [9.9751830e-01 2.4816960e-03]
 [9.9970424e-01 2.9578645e-04]
 [9.9558967e-01 4.4103479e-03]
 [7.9429269e-02 9.2057073e-01]
 [2.3900270e-03 9.9760997e-01]
 [9.9711841e-01 2.8815891e-03]
 [9.9654084e-01 3.4591504e-03]
 [9.9751830e-01 2.4816960e-03]
 [4.8079491e-03 9.9519205e-01]
 [1.1736751e-03 9.9882632e-01]
 [9.9751830e-01 2.4816960e-03]
 [2.0878911e-03 9.9791211e-01]
 [9.9999177e-01 8.2386014e-06]
 [2.1002233e-02 9.7899777e-01]
 [9.9727941e-01 2.7205881e-03]
 [1.8774867e-03 9.9812251e-01]
 [9.9385726e-01 6.1427541e-03]
 [2.4944544e-04 9.9975055e-01]
 [9.9751830e-01 2.4816960e-03]
 [9.9849612e-01 1.5038571e-03]]